5.134604935897890687e-01
5.235064139013955176e-01
4.805396570623203800e-01
5.339957820024713309e-01
5.497504214625612562e-01
5.763923615416242097e-01
5.714015283435353032e-01
5.834351966408282131e-01
6.032297109393048862e-01
6.035950059842022375e-01
6.199223350398711530e-01
6.307110316597007715e-01
6.403734251148600620e-01
6.428332280166056956e-01
6.362406064879742029e-01
6.601077000713966303e-01
6.645960071357200905e-01
6.580021946880725281e-01
6.721158079833139398e-01
6.586752704571355865e-01
6.743813492983384839e-01
6.783831653899647929e-01
6.659626167774211902e-01
6.709143636999731486e-01
6.808359743784120344e-01
6.772004061103058525e-01
6.836234763897296451e-01
6.866054845488631653e-01
6.767064055201922335e-01
6.886248367209024668e-01
6.881757922316039666e-01
6.827500425310297771e-01
