-1.277732033832385028e+01
-1.231167191374341918e+01
-1.309332926788593454e+01
-1.374690525945456798e+01
-1.442040022982611447e+01
-1.538973101972257140e+01
-1.530070014993894389e+01
-1.508129224326602369e+01
-1.640151688351677706e+01
-1.693944563700209116e+01
-1.757990045551567349e+01
-1.715896792972585772e+01
-1.760992395564932522e+01
-1.814005946927914792e+01
-1.770854325472106794e+01
-1.821756715086260314e+01
-1.836362064457536647e+01
-1.868767059486456716e+01
-1.847747829303756006e+01
-1.842121897161910127e+01
-1.870071613668581278e+01
-1.885623032968249646e+01
-1.891855420752298400e+01
-1.898795885768902281e+01
-1.898412962650388280e+01
-1.886669151605201122e+01
-1.897822663336039639e+01
-1.914933345567062872e+01
-1.909046863509801639e+01
-1.938388615987151553e+01
-1.942066736988269327e+01
-1.933159453120214621e+01
